A4221/20 NOTAMN Q) ZPKM/QRTCA/IV/BO/W/000/999/2358N10041E025 A) ZPKM B) 2012060349 C) 2012060417  E) A TEMPORARY RESTRICTED AREA ESTABLISHED BOUNDED BY:  N233321E1004645-N241641E1005953 -N242247E1003557-N233925E1002256  BACK TO START. VERTICAL LIMITS:GND-UNL.  F) GND G) UNL 06 DEC 03:49 2020 UNTIL 06 DEC 04:17 2020
Date: 2020-12-06~2020-12-06
Location: (23.77835, 100.410275)

